0.230000
80
1100000100110000
0000001110100001
0011001100010011
1110000100010000
1110010000000000
1000000000001110
1001010001101100
1110001000010011
1101000000101111
0001001000101110
1110100011000000
0000000011010101
0000010100101101
0010100000011110
0011100110010001
0001010001000010
0001000000010010
0110101100011100
0011100000100000
0000000111000000
0100010100101101
0011100000000000
1110001010010011
0000000111100000
0010010100001011
0011011111000000
0011001000010011
0110101101100010
0010010000111100
0000111010001100
0000001010001000
1000101110011100
1101001011010000
0000000000000000
0000000111100000
0000010000010001
1100100101100001
0001000100001100
0000111001000011
0000111010001000
0011011110000000
1110010010010010
1010000000110000
0101000101000011
1000000000000011
1100001000001001
0000000011000111
0110011010010010
0001101001101111
0000000110100011
0000001110100000
1110011000001000
1000000101101111
1101110010100000
0010100011000000
1101101000000000
0000001101010100
0100001000101000
0100011000010011
1110001010110000
1000111100000000
0000000110100000
1010010100010000
0011001000110000
1110011000000100
0011100100001000
0100010100110000
0000000110100011
0000110100001011
0000001100100010
0101000011110000
0010100010010011
0101000001010010
1110011000010011
1110001110110100
0101111100000000
1010010100110000
1101001011000000
1001000010110000
0000110011110000
