2.180000
80
1100010100110000
0000001110100001
0011001100010011
1110000100010000
1110010000000000
1010100000001110
1101110001101100
1110011010010011
1101000000101111
0101001000101110
1110100011000000
0000000011011101
0000110100101101
1010100000011110
0011100110010001
0001010001000010
1101000000010011
1110101100111100
0011101000110000
0000000111100000
0100010101101101
0011100000100000
1110011010010011
0000000111100000
0010010100011011
0011011111000000
0011011100011011
0110101101100010
0010010000111100
0000111010001100
0000001010001100
1110101110111100
1101001011110000
0000000000000000
0000100111110000
0000010000010011
1100101101100001
0101000100001100
0000111001000011
0000111010001000
0011011111000000
1110011010010010
1010000100110000
1101000101010011
1001000000001011
1100001000001001
0000000011000111
0110011010010011
0001101011101111
0000000110100011
0000001110100000
1110011001001100
1010000101101111
1101110010100000
1010100011000000
1101111000000000
0000001101010100
0101001000101100
0100011000010011
1110001010110000
1000111100000000
0000000111100000
1110010100110000
0011101000110000
1110011001000100
0011100101001000
0110010100110000
0000000110100011
0000110100001011
0000001100100010
1101001011110000
0010100110010011
1101000001010010
1110011010010011
1110101110110100
0101111100000000
1110010100110000
1101001011010000
1001000010110000
0000110111110000
