3.660000
80
1100010100110000
0000001110100011
0011011100010011
1110000100010000
1110010000001100
1010100000001111
1101110001101100
1110011010010011
1101000000101111
0101001000101111
1110100011000000
0000000011011111
0000110100101101
1110100000011110
0011100110010011
0001010001000010
1101000000010011
1110101110111100
0011101000110000
0000000111100000
0100010111101101
0011100000100000
1110011010010011
0000000111100000
0011010100011111
0011011111000000
0011011100011111
1110101101100010
0010010010111100
0000111010001100
0000001010001100
1110101110111100
1101001011110000
0000000000000000
0000100111110000
0000110000010011
1100101101100001
0101000100001100
0000111001000011
0000111010001000
0011011111000000
1110011010010010
1010000100110000
1101000101010011
1001001000101111
1100001000101101
0000000011001111
0110011010010011
0011101011101111
0000001110100011
0000001110100011
1110011001001100
1110010101101111
1101110010100000
1110100011000000
1101111100000000
0000001101110100
0101001000101101
1100011010010011
1110001110110100
1000111100000000
0000100111100000
1110010100110000
0011101000110000
1110011001001100
0011100101001000
0110010100110000
0000000110100011
0000110100001011
0000001100100010
1101001011110000
0011100110010011
1101000001010011
1110011010010011
1110101110110100
0101111100000000
1110010100110000
1101001011110000
1101000011110000
0000110111110000
