4.820000
80
1100010100110000
0000001110100011
0011011100011011
1110000100110000
1110010001001100
1110100000011111
1101110001111100
1110011010010011
1101000000101111
1101001000101111
1110100011000000
0000000011011111
0000110100101111
1110100000011110
0011100110010011
0001010001100011
1101000001010011
1110101110111100
0011101000110000
0000000111110000
0110010111101101
0011100000110000
1110011010010011
0000000111110000
0011010100011111
0011011111000000
0011011100011111
1110101101100010
0010010010111100
0000111010001100
0000011010001100
1110101110111100
1101001011110000
0000000000000000
0000100111110000
0000110000010011
1100101101100011
0101000110001100
0000111001010011
0000111010001000
0011011111000000
1110011010010011
1010000100110000
1101000101010011
1001001000101111
1100001000101101
0000000011001111
0110011010010011
0011101011101111
0000001110100011
0000001110100011
1110011001001100
1110010111101111
1101110010100000
1110100011000000
1101111100000000
0000001101111100
0101001000101101
1110011010010011
1110001110110100
1000111100000000
0000110111110000
1110010100110000
0011101000110000
1110011001001100
0011100101001000
1110010100110000
0000001110100011
0000110100001111
0000001110100010
1101001011110000
0011100110010011
1101000001010011
1110011010010011
1110101110111100
1101111100000000
1110010100110000
1101001011110000
1101000011110000
0000110111110000
