8.700000
80
1110010100110000
0000001110100011
0011011100011111
1110010100110000
1110011001001100
1110100000011111
1101110001111100
1110011010010011
1101001000101111
1101001000101111
1110100011000000
0000000011011111
0000110100101111
1110100000011111
0011100110010011
0001010001100011
1101000101010011
1110101110111100
0011101000110000
0000110111110000
1110010111101111
0011101000110000
1110011010010011
0000110111110000
0011011100011111
0011011111000000
0011011100011111
1110101101100011
0011010010111100
0000111010001100
0000111010001100
1110101110111100
1101001011110000
0000000000000000
0000110111110000
0000111001010011
1110101101100011
1101000110001100
0000111001010011
0000111010001100
0011011111000000
1110011010010011
1110000100110000
1101000101010011
1101001000101111
1101001000101101
0000000011011111
1110011010010011
0011101011101111
0000001110100011
0000001110100011
1110011001001100
1110010111101111
1101110010100001
1110100011000000
1101111100000000
0000001101111100
1101001000101111
1110011010010011
1110101110111100
1101111100000000
0000110111110000
1110010100110000
0011101000110000
1110011001001100
0011100101001100
1110010100110000
0000001110100011
0000110100101111
0000001110100011
1101001011110000
0011100110010011
1101000101010011
1110011010010011
1110101110111100
1101111100000000
1110010100110000
1101001011110000
1101000011110000
0000110111110000
